STATE,DISTRICT,TEH_NAME,BLOCK_NAME,LAT,LON,SITE_NAME,SITE_TYPE,WLCODE,YEAR_OBS,MONSOON,POMRB,POMKH,PREMON
AS,Lakhimpur,Kadam,Bihpuria,27.44166667,94.28333333,Pathalipam,"Dug Well",W12364,2018,NA,3.11,2.51,NA
AS,Lakhimpur,Narayanpur,Bihpuria,26.96222222,93.85722222,Narayanpur,"Dug Well",W12368,2018,NA,2.23,1.11,NA
AS,Lakhimpur,Narayanpur,Bihpuria,27.03333333,93.83611111,"Bhogpur charali","Dug Well",W12366,2018,NA,2.65,1.34,NA
AS,Lakhimpur,Bihpuria,Bihpuria,27.1225,93.85555556,Harmoti,"Dug Well",W12359,2018,NA,2.78,2.32,NA
AS,Lakhimpur,Bihpuria,Bihpuria,27.125,93.90833333,Laluk,"Dug Well",W12361,2018,NA,1.48,'0.98,NA
AS,Lakhimpur,"North Lakhimpur",Bihpuria,27.11666667,94.11166667,Panigaon,"Dug Well",W12371,2018,NA,NA,1.77,NA
AS,Lakhimpur,"North Lakhimpur",Bihpuria,27.21666667,94.10833333,N.lakhipur(old),"Dug Well",W12370,2018,NA,1.75,1.63,NA
AS,Lakhimpur,Sissiborgaon,Bihpuria,27.25833333,94.35833333,Basudeothan,"Dug Well",W12374,2018,NA,NA,2.5,NA
AS,Lakhimpur,Kadam,Bihpuria,27.29444444,94.15277778,Kadam,"Dug Well",W12363,2018,NA,NA,'0.75,1.48
AS,Lakhimpur,Bihpuria,Bihpuria,27.03333333,93.90833333,Bihpuria,"Dug Well",W12358,2018,NA,NA,'0.87,3.6
AS,Lakhimpur,Bihpuria,Bihpuria,27.08194444,93.9,Islampur,"Dug Well",W12360,2018,NA,NA,3.09,4.84
AS,Lakhimpur,Nowboicha,Bihpuria,27.16666667,94,"Dolanghat chara","Dug Well",W12372,2018,NA,1.36,1.56,NA
AS,Lakhimpur,Bihpuria,Bihpuria,27.1225,93.85555556,Harmoti,"Dug Well",W12359,2017,'0.72,NA,2.91,3.28
AS,Lakhimpur,"North Lakhimpur",Bihpuria,27.11666667,94.11166667,Panigaon,"Dug Well",W12371,2017,NA,3.6,1.74,NA
AS,Lakhimpur,Bihpuria,Bihpuria,27.03333333,93.90833333,Bihpuria,"Dug Well",W12358,2017,NA,3.09,NA,3.53
AS,Lakhimpur,Kadam,Bihpuria,27.44166667,94.28333333,Pathalipam,"Dug Well",W12364,2017,1.63,3.22,2.47,3.51
AS,Lakhimpur,Narayanpur,Bihpuria,26.96222222,93.85722222,Narayanpur,"Dug Well",W12368,2017,'0.51,2.48,'0.68,2.71
AS,Lakhimpur,"North Lakhimpur",Bihpuria,27.21666667,94.10833333,N.lakhipur(old),"Dug Well",W12370,2017,'0.91,2.08,1.49,2.15
AS,Lakhimpur,Narayanpur,Bihpuria,27.03333333,93.83611111,"Bhogpur charali","Dug Well",W12366,2017,1.06,1.91,1.3,1.89
AS,Lakhimpur,Bihpuria,Bihpuria,27.08194444,93.9,Islampur,"Dug Well",W12360,2017,2.52,4.49,2.84,4.9
AS,Lakhimpur,Bihpuria,Bihpuria,27.125,93.90833333,Laluk,"Dug Well",W12361,2017,'0.77,1.88,'0.94,2.08
AS,Lakhimpur,Nowboicha,Bihpuria,27.16666667,94,"Dolanghat chara","Dug Well",W12372,2017,1.08,2.78,1.36,2.92
AS,Lakhimpur,Kadam,Bihpuria,27.29444444,94.15277778,Kadam,"Dug Well",W12363,2017,'0.5,1.5,'0.83,1.25
AS,Lakhimpur,Bihpuria,Bihpuria,27.03333333,93.90833333,Bihpuria,"Dug Well",W12358,2016,NA,NA,1.46,3.39
AS,Lakhimpur,Bihpuria,Bihpuria,27.1225,93.85555556,Harmoti,"Dug Well",W12359,2016,1.07,NA,2.11,3.1
AS,Lakhimpur,Bihpuria,Bihpuria,27.08194444,93.9,Islampur,"Dug Well",W12360,2016,2.79,NA,3.3,4.93
AS,Lakhimpur,Bihpuria,Bihpuria,27.125,93.90833333,Laluk,"Dug Well",W12361,2016,NA,NA,1.17,2.08
AS,Lakhimpur,Kadam,Bihpuria,27.38972222,94.19305556,Boginadi(balijan),"Dug Well",W12362,2016,1.26,NA,1.49,2.69
AS,Lakhimpur,Kadam,Bihpuria,27.29444444,94.15277778,Kadam,"Dug Well",W12363,2016,NA,NA,1.03,1.17
AS,Lakhimpur,Nowboicha,Bihpuria,27.16666667,94,"Dolanghat chara","Dug Well",W12372,2016,1.53,NA,2.07,2.82
AS,Lakhimpur,Narayanpur,Bihpuria,26.9,93.78333333,Amsoi,"Dug Well",W12365,2016,NA,NA,3.19,2.89
AS,Lakhimpur,Narayanpur,Bihpuria,27.03333333,93.83611111,"Bhogpur charali","Dug Well",W12366,2016,1.19,NA,1.4,NA
AS,Lakhimpur,Narayanpur,Bihpuria,26.96222222,93.85722222,Narayanpur,"Dug Well",W12368,2016,'0.69,NA,1.16,3.13
AS,Lakhimpur,"North Lakhimpur",Bihpuria,27.21666667,94.10833333,N.lakhipur(old),"Dug Well",W12370,2016,1.31,NA,NA,2.16
AS,Lakhimpur,"North Lakhimpur",Bihpuria,27.11666667,94.11166667,Panigaon,"Dug Well",W12371,2016,1.75,NA,1.8,3.79
AS,Lakhimpur,Kadam,Bihpuria,27.44166667,94.28333333,Pathalipam,"Dug Well",W12364,2016,2.13,NA,2.65,3.34
AS,Lakhimpur,Bihpuria,Bihpuria,27.03333333,93.90833333,Bihpuria,"Dug Well",W12358,2015,NA,3.56,1.94,3.83
AS,Lakhimpur,Bihpuria,Bihpuria,27.1225,93.85555556,Harmoti,"Dug Well",W12359,2015,'0.76,2.85,2.05,3.07
AS,Lakhimpur,Bihpuria,Bihpuria,27.08194444,93.9,Islampur,"Dug Well",W12360,2015,2.77,4.61,3.69,5.24
AS,Lakhimpur,Bihpuria,Bihpuria,27.125,93.90833333,Laluk,"Dug Well",W12361,2015,'0.6,1.86,1.32,2.25
AS,Lakhimpur,Kadam,Bihpuria,27.38972222,94.19305556,Boginadi(balijan),"Dug Well",W12362,2015,'0.31,2.45,1.75,2.92
AS,Lakhimpur,Nowboicha,Bihpuria,27.16666667,94,"Dolanghat chara","Dug Well",W12372,2015,1.07,2.67,2.62,2.59
AS,Lakhimpur,Kadam,Bihpuria,27.44166667,94.28333333,Pathalipam,"Dug Well",W12364,2015,1.27,3.26,2.75,3.51
AS,Lakhimpur,Narayanpur,Bihpuria,27.03333333,93.83611111,"Bhogpur charali","Dug Well",W12366,2015,1.19,1.78,1.67,2.1
AS,Lakhimpur,Narayanpur,Bihpuria,26.96222222,93.85722222,Narayanpur,"Dug Well",W12368,2015,'0.56,2.75,1.77,2.97
AS,Lakhimpur,"North Lakhimpur",Bihpuria,27.21666667,94.10833333,N.lakhipur(old),"Dug Well",W12370,2015,1.15,NA,1.63,3.66
AS,Lakhimpur,"North Lakhimpur",Bihpuria,27.11666667,94.11166667,Panigaon,"Dug Well",W12371,2015,1.48,3.4,1.89,3.76
AS,Lakhimpur,Kadam,Bihpuria,27.29444444,94.15277778,Kadam,"Dug Well",W12363,2015,'0.35,1.65,1.34,1.88
AS,Lakhimpur,Bihpuria,Bihpuria,27.03333333,93.90833333,Bihpuria,"Dug Well",W12358,2014,NA,3.53,NA,4.12
AS,Lakhimpur,Narayanpur,Bihpuria,26.9,93.78333333,Dholpur,"Dug Well",W31795,2014,NA,2.22,NA,1.48
AS,Lakhimpur,Bihpuria,Bihpuria,27.08194444,93.9,Islampur,"Dug Well",W12360,2014,NA,4.59,NA,5.05
AS,Lakhimpur,Bihpuria,Bihpuria,27.125,93.90833333,Laluk,"Dug Well",W12361,2014,NA,1.2,NA,NA
AS,Lakhimpur,Kadam,Bihpuria,27.38972222,94.19305556,Boginadi(balijan),"Dug Well",W12362,2014,NA,2.48,NA,2.92
AS,Lakhimpur,Kadam,Bihpuria,27.29444444,94.15277778,Kadam,"Dug Well",W12363,2014,NA,1.64,NA,1.75
AS,Lakhimpur,Kadam,Bihpuria,27.44166667,94.28333333,Pathalipam,"Dug Well",W12364,2014,NA,3.2,NA,3.44
AS,Lakhimpur,Narayanpur,Bihpuria,27.03333333,93.83611111,"Bhogpur charali","Dug Well",W12366,2014,NA,2.16,NA,2.45
AS,Lakhimpur,Narayanpur,Bihpuria,26.96222222,93.85722222,Narayanpur,"Dug Well",W12368,2014,NA,2.82,NA,3.36
AS,Lakhimpur,"North Lakhimpur",Bihpuria,27.21666667,94.10833333,N.lakhipur(old),"Dug Well",W12370,2014,NA,2.05,NA,2.2
AS,Lakhimpur,"North Lakhimpur",Bihpuria,27.11666667,94.11166667,Panigaon,"Dug Well",W12371,2014,NA,3.67,NA,3.97
AS,Lakhimpur,Nowboicha,Bihpuria,27.16666667,94,"Dolanghat chara","Dug Well",W12372,2014,NA,2.64,NA,2.81
AS,Lakhimpur,Nowboicha,Bihpuria,27.16861111,94.02305556,Naoboisa,"Dug Well",W12373,2014,NA,1.83,NA,NA
AS,Lakhimpur,Sissiborgaon,Bihpuria,27.20444444,94.47,Dhakuakhana,"Dug Well",W12375,2014,NA,3.6,NA,NA
AS,Lakhimpur,Bihpuria,Bihpuria,27.1225,93.85555556,Harmoti,"Dug Well",W12359,2014,NA,2.89,NA,3.25
AS,Lakhimpur,Bihpuria,Bihpuria,27.03333333,93.90833333,Bihpuria,"Dug Well",W12358,2013,1.02,3.88,NA,3.83
AS,Lakhimpur,Narayanpur,Bihpuria,26.9,93.78333333,Dholpur,"Dug Well",W31795,2013,NA,1.01,1.76,2.63
AS,Lakhimpur,Bihpuria,Bihpuria,27.08194444,93.9,Islampur,"Dug Well",W12360,2013,2.36,4.55,NA,5.05
AS,Lakhimpur,Bihpuria,Bihpuria,27.125,93.90833333,Laluk,"Dug Well",W12361,2013,'0.39,1.17,'0.79,1.47
AS,Lakhimpur,Kadam,Bihpuria,27.38972222,94.19305556,Boginadi(balijan),"Dug Well",W12362,2013,'0.66,NA,1.7,NA
AS,Lakhimpur,Kadam,Bihpuria,27.29444444,94.15277778,Kadam,"Dug Well",W12363,2013,'0.75,1.61,'0.88,1.96
AS,Lakhimpur,Kadam,Bihpuria,27.44166667,94.28333333,Pathalipam,"Dug Well",W12364,2013,1.93,3.03,2.79,3.47
AS,Lakhimpur,Narayanpur,Bihpuria,27.03333333,93.83611111,"Bhogpur charali","Dug Well",W12366,2013,1.52,2.01,1.35,2.24
AS,Lakhimpur,Narayanpur,Bihpuria,26.96222222,93.85722222,Narayanpur,"Dug Well",W12368,2013,'0.64,2.56,1.31,2.94
AS,Lakhimpur,"North Lakhimpur",Bihpuria,27.21666667,94.10833333,N.lakhipur(old),"Dug Well",W12370,2013,'0.99,NA,1.71,2.18
AS,Lakhimpur,"North Lakhimpur",Bihpuria,27.11666667,94.11166667,Panigaon,"Dug Well",W12371,2013,1.7,3.62,1.9,4.02
AS,Lakhimpur,Nowboicha,Bihpuria,27.16666667,94,"Dolanghat chara","Dug Well",W12372,2013,3.02,2.44,2.13,3.02
AS,Lakhimpur,Nowboicha,Bihpuria,27.16861111,94.02305556,Naoboisa,"Dug Well",W12373,2013,'0.35,1.63,1.51,1.99
AS,Lakhimpur,Sissiborgaon,Bihpuria,27.25833333,94.35833333,Basudeothan,"Dug Well",W12374,2013,2.46,NA,3.69,NA
AS,Lakhimpur,Bihpuria,Bihpuria,27.1225,93.85555556,Harmoti,"Dug Well",W12359,2013,'0.23,2.95,NA,3.15
AS,Lakhimpur,Bihpuria,Bihpuria,27.03333333,93.90833333,Bihpuria,"Dug Well",W12358,2012,NA,4.74,1.59,NA
AS,Lakhimpur,Narayanpur,Bihpuria,26.9,93.78333333,Dholpur,"Dug Well",W31795,2012,NA,NA,'0.36,NA
AS,Lakhimpur,Bihpuria,Bihpuria,27.08194444,93.9,Islampur,"Dug Well",W12360,2012,NA,5.23,3.42,NA
AS,Lakhimpur,Bihpuria,Bihpuria,27.125,93.90833333,Laluk,"Dug Well",W12361,2012,NA,1.78,'0.86,NA
AS,Lakhimpur,Kadam,Bihpuria,27.29444444,94.15277778,Kadam,"Dug Well",W12363,2012,NA,1.88,1.12,NA
AS,Lakhimpur,Kadam,Bihpuria,27.44166667,94.28333333,Pathalipam,"Dug Well",W12364,2012,NA,3.19,2.46,NA
AS,Lakhimpur,Narayanpur,Bihpuria,26.9,93.78333333,Amsoi,"Dug Well",W12365,2012,NA,2.83,NA,NA
AS,Lakhimpur,Narayanpur,Bihpuria,27.03333333,93.83611111,"Bhogpur charali","Dug Well",W12366,2012,NA,1.59,1.13,NA
AS,Lakhimpur,Narayanpur,Bihpuria,26.96222222,93.85722222,Narayanpur,"Dug Well",W12368,2012,NA,3.63,1.09,NA
AS,Lakhimpur,"North Lakhimpur",Bihpuria,27.21666667,94.10833333,N.lakhipur(old),"Dug Well",W12370,2012,NA,NA,1.65,NA
AS,Lakhimpur,"North Lakhimpur",Bihpuria,27.11666667,94.11166667,Panigaon,"Dug Well",W12371,2012,NA,3.11,2.04,NA
AS,Lakhimpur,Nowboicha,Bihpuria,27.16666667,94,"Dolanghat chara","Dug Well",W12372,2012,NA,3.54,2.05,NA
AS,Lakhimpur,Nowboicha,Bihpuria,27.16861111,94.02305556,Naoboisa,"Dug Well",W12373,2012,NA,2.15,1.45,NA
AS,Lakhimpur,Sissiborgaon,Bihpuria,27.20444444,94.47,Dhakuakhana,"Dug Well",W12375,2012,NA,5.11,NA,NA
AS,Lakhimpur,Bihpuria,Bihpuria,27.1225,93.85555556,Harmoti,"Dug Well",W12359,2012,NA,3.14,2.1,NA
AS,Lakhimpur,Bihpuria,Bihpuria,27.03333333,93.90833333,Bihpuria,"Dug Well",W12358,2011,NA,4.36,3.58,NA
AS,Lakhimpur,Sissiborgaon,Bihpuria,27.20444444,94.47,Dhakuakhana,"Dug Well",W12375,2011,3.02,5.22,4.63,NA
AS,Lakhimpur,Bihpuria,Bihpuria,27.08194444,93.9,Islampur,"Dug Well",W12360,2011,2.47,5.04,4.04,NA
AS,Lakhimpur,Bihpuria,Bihpuria,27.125,93.90833333,Laluk,"Dug Well",W12361,2011,'0.37,1.53,'0.93,NA
AS,Lakhimpur,Kadam,Bihpuria,27.38972222,94.19305556,Boginadi(balijan),"Dug Well",W12362,2011,'0.92,3.49,2.32,NA
AS,Lakhimpur,Kadam,Bihpuria,27.29444444,94.15277778,Kadam,"Dug Well",W12363,2011,'0.57,1.76,1.33,NA
AS,Lakhimpur,Kadam,Bihpuria,27.44166667,94.28333333,Pathalipam,"Dug Well",W12364,2011,1.61,3.48,3.65,NA
AS,Lakhimpur,Narayanpur,Bihpuria,26.9,93.78333333,Amsoi,"Dug Well",W12365,2011,NA,NA,2.78,NA
AS,Lakhimpur,Narayanpur,Bihpuria,27.03333333,93.83611111,"Bhogpur charali","Dug Well",W12366,2011,'0.61,1.79,1.34,NA
AS,Lakhimpur,Narayanpur,Bihpuria,26.96222222,93.85722222,Narayanpur,"Dug Well",W12368,2011,'0.49,3.35,1.85,NA
AS,Lakhimpur,"North Lakhimpur",Bihpuria,27.21666667,94.10833333,N.lakhipur(old),"Dug Well",W12370,2011,'0.93,2.13,1.76,NA
AS,Lakhimpur,"North Lakhimpur",Bihpuria,27.11666667,94.11166667,Panigaon,"Dug Well",W12371,2011,1.31,3.75,3.14,NA
AS,Lakhimpur,Nowboicha,Bihpuria,27.16666667,94,"Dolanghat chara","Dug Well",W12372,2011,1.37,2.81,2.64,NA
AS,Lakhimpur,Nowboicha,Bihpuria,27.16861111,94.02305556,Naoboisa,"Dug Well",W12373,2011,'0.57,1.95,1.5,NA
AS,Lakhimpur,Sissiborgaon,Bihpuria,27.25833333,94.35833333,Basudeothan,"Dug Well",W12374,2011,NA,NA,3.84,NA
AS,Lakhimpur,Bihpuria,Bihpuria,27.1225,93.85555556,Harmoti,"Dug Well",W12359,2011,'0.6,3.02,1.75,NA
AS,Lakhimpur,Bihpuria,Bihpuria,27.03333333,93.90833333,Bihpuria,"Dug Well",W12358,2010,NA,4.67,1.85,NA
AS,Lakhimpur,Bihpuria,Bihpuria,27.1225,93.85555556,Harmoti,"Dug Well",W12359,2010,'0.66,2.81,1.57,NA
AS,Lakhimpur,Bihpuria,Bihpuria,27.08194444,93.9,Islampur,"Dug Well",W12360,2010,2.73,5.03,3.66,NA
AS,Lakhimpur,Bihpuria,Bihpuria,27.125,93.90833333,Laluk,"Dug Well",W12361,2010,'0.39,1.3,'0.82,NA
AS,Lakhimpur,Kadam,Bihpuria,27.38972222,94.19305556,Boginadi(balijan),"Dug Well",W12362,2010,'0.44,3.48,2.07,NA
AS,Lakhimpur,Kadam,Bihpuria,27.29444444,94.15277778,Kadam,"Dug Well",W12363,2010,'0.29,1.78,1.82,NA
AS,Lakhimpur,Kadam,Bihpuria,27.44166667,94.28333333,Pathalipam,"Dug Well",W12364,2010,1.12,3.17,3.48,NA
AS,Lakhimpur,Narayanpur,Bihpuria,26.9,93.78333333,Amsoi,"Dug Well",W12365,2010,NA,3.65,NA,NA
AS,Lakhimpur,Narayanpur,Bihpuria,27.03333333,93.83611111,"Bhogpur charali","Dug Well",W12366,2010,'0.63,1.55,1.19,NA
AS,Lakhimpur,Narayanpur,Bihpuria,26.96222222,93.85722222,Narayanpur,"Dug Well",W12368,2010,'0.46,3.79,1.94,NA
AS,Lakhimpur,"North Lakhimpur",Bihpuria,27.21666667,94.10833333,N.lakhipur(old),"Dug Well",W12370,2010,'0.81,2.31,1.73,NA
AS,Lakhimpur,"North Lakhimpur",Bihpuria,27.11666667,94.11166667,Panigaon,"Dug Well",W12371,2010,1.4,4.06,2.75,NA
AS,Lakhimpur,Nowboicha,Bihpuria,27.16666667,94,"Dolanghat chara","Dug Well",W12372,2010,1.23,3.39,1.86,NA
AS,Lakhimpur,Nowboicha,Bihpuria,27.16861111,94.02305556,Naoboisa,"Dug Well",W12373,2010,'0.63,1.93,'0.78,NA
AS,Lakhimpur,Sissiborgaon,Bihpuria,27.25833333,94.35833333,Basudeothan,"Dug Well",W12374,2010,NA,4.81,3.44,NA
AS,Lakhimpur,Sissiborgaon,Bihpuria,27.20444444,94.47,Dhakuakhana,"Dug Well",W12375,2010,NA,5.24,4.47,NA
AS,Lakhimpur,Nowboicha,Bihpuria,27.16666667,94,"Dolanghat chara","Dug Well",W12372,2009,1.37,3.6,2.15,NA
AS,Lakhimpur,Kadam,Bihpuria,27.29444444,94.15277778,Kadam,"Dug Well",W12363,2009,'0.03,1.84,1.11,NA
AS,Lakhimpur,Sissiborgaon,Bihpuria,27.25833333,94.35833333,Basudeothan,"Dug Well",W12374,2009,NA,NA,3.7,NA
AS,Lakhimpur,Sissiborgaon,Bihpuria,27.20444444,94.47,Dhakuakhana,"Dug Well",W12375,2009,NA,5.01,4.33,NA
AS,Lakhimpur,Kadam,Bihpuria,27.44166667,94.28333333,Pathalipam,"Dug Well",W12364,2009,1.22,3.64,2.61,NA
AS,Lakhimpur,Narayanpur,Bihpuria,26.9,93.78333333,Amsoi,"Dug Well",W12365,2009,'0.73,3.87,1.47,NA
AS,Lakhimpur,Narayanpur,Bihpuria,27.03333333,93.83611111,"Bhogpur charali","Dug Well",W12366,2009,'0.48,2.05,1.32,NA
AS,Lakhimpur,Narayanpur,Bihpuria,26.96222222,93.85722222,Narayanpur,"Dug Well",W12368,2009,'0.45,3.83,1.76,NA
AS,Lakhimpur,"North Lakhimpur",Bihpuria,27.28333333,94.1125,Kakai,"Dug Well",W12369,2009,NA,4.06,1.97,NA
AS,Lakhimpur,"North Lakhimpur",Bihpuria,27.21666667,94.10833333,N.lakhipur(old),"Dug Well",W12370,2009,'0.02,2.08,1.56,NA
AS,Lakhimpur,"North Lakhimpur",Bihpuria,27.11666667,94.11166667,Panigaon,"Dug Well",W12371,2009,1.13,4.01,2.07,NA
AS,Lakhimpur,Bihpuria,Bihpuria,27.03333333,93.90833333,Bihpuria,"Dug Well",W12358,2009,'0.71,4.54,2.26,NA
AS,Lakhimpur,Bihpuria,Bihpuria,27.1225,93.85555556,Harmoti,"Dug Well",W12359,2009,'0.23,3.09,1.22,NA
AS,Lakhimpur,Bihpuria,Bihpuria,27.08194444,93.9,Islampur,"Dug Well",W12360,2009,2.19,5.16,3.72,NA
AS,Lakhimpur,Bihpuria,Bihpuria,27.125,93.90833333,Laluk,"Dug Well",W12361,2009,'0.1,1.57,'0.15,NA
AS,Lakhimpur,Kadam,Bihpuria,27.38972222,94.19305556,Boginadi(balijan),"Dug Well",W12362,2009,'0.38,3.64,2.02,NA
AS,Lakhimpur,Nowboicha,Bihpuria,27.16861111,94.02305556,Naoboisa,"Dug Well",W12373,2009,'0.18,3.09,1.29,NA
AS,Lakhimpur,Nowboicha,Bihpuria,27.16666667,94,"Dolanghat chara","Dug Well",W12372,2008,'0.8,3.42,2.01,NA
AS,Lakhimpur,Kadam,Bihpuria,27.29444444,94.15277778,Kadam,"Dug Well",W12363,2008,'0.37,3.56,'0.94,NA
AS,Lakhimpur,Sissiborgaon,Bihpuria,27.25833333,94.35833333,Basudeothan,"Dug Well",W12374,2008,'0.67,4.67,NA,NA
AS,Lakhimpur,Sissiborgaon,Bihpuria,27.20444444,94.47,Dhakuakhana,"Dug Well",W12375,2008,NA,9.7,4.13,NA
AS,Lakhimpur,Kadam,Bihpuria,27.44166667,94.28333333,Pathalipam,"Dug Well",W12364,2008,1.4,3.37,2.79,NA
AS,Lakhimpur,Narayanpur,Bihpuria,26.9,93.78333333,Amsoi,"Dug Well",W12365,2008,1.27,3.64,1.45,NA
AS,Lakhimpur,Narayanpur,Bihpuria,27.03333333,93.83611111,"Bhogpur charali","Dug Well",W12366,2008,'0.67,1.63,1.38,NA
AS,Lakhimpur,Narayanpur,Bihpuria,26.96222222,93.85722222,Narayanpur,"Dug Well",W12368,2008,1.46,4.09,2.03,NA
AS,Lakhimpur,"North Lakhimpur",Bihpuria,27.28333333,94.1125,Kakai,"Dug Well",W12369,2008,NA,3.88,2.87,NA
AS,Lakhimpur,"North Lakhimpur",Bihpuria,27.21666667,94.10833333,N.lakhipur(old),"Dug Well",W12370,2008,'0.64,2.06,1.49,NA
AS,Lakhimpur,"North Lakhimpur",Bihpuria,27.11666667,94.11166667,Panigaon,"Dug Well",W12371,2008,1.63,3.54,2.82,NA
AS,Lakhimpur,Bihpuria,Bihpuria,27.03333333,93.90833333,Bihpuria,"Dug Well",W12358,2008,NA,4.11,2.04,NA
AS,Lakhimpur,Bihpuria,Bihpuria,27.1225,93.85555556,Harmoti,"Dug Well",W12359,2008,'0.01,2.9,1.69,NA
AS,Lakhimpur,Bihpuria,Bihpuria,27.08194444,93.9,Islampur,"Dug Well",W12360,2008,NA,5.08,3.99,NA
AS,Lakhimpur,Bihpuria,Bihpuria,27.125,93.90833333,Laluk,"Dug Well",W12361,2008,-0.17,2.11,'0.85,NA
AS,Lakhimpur,Kadam,Bihpuria,27.38972222,94.19305556,Boginadi(balijan),"Dug Well",W12362,2008,'0.65,3.24,2.35,NA
AS,Lakhimpur,Nowboicha,Bihpuria,27.16861111,94.02305556,Naoboisa,"Dug Well",W12373,2008,'0.45,1.95,'0.84,NA
AS,Lakhimpur,Nowboicha,Bihpuria,27.16666667,94,"Dolanghat chara","Dug Well",W12372,2007,1.61,2.38,3.15,2.21
AS,Lakhimpur,Kadam,Bihpuria,27.29444444,94.15277778,Kadam,"Dug Well",W12363,2007,'0.04,1.02,NA,'0.35
AS,Lakhimpur,Sissiborgaon,Bihpuria,27.25833333,94.35833333,Basudeothan,"Dug Well",W12374,2007,NA,NA,3.57,NA
AS,Lakhimpur,Sissiborgaon,Bihpuria,27.20444444,94.47,Dhakuakhana,"Dug Well",W12375,2007,NA,4.84,4.2,1.02
AS,Lakhimpur,Kadam,Bihpuria,27.44166667,94.28333333,Pathalipam,"Dug Well",W12364,2007,1.71,3.22,NA,2.78
AS,Lakhimpur,Narayanpur,Bihpuria,26.9,93.78333333,Amsoi,"Dug Well",W12365,2007,1.61,3.63,1.38,2.3
AS,Lakhimpur,Narayanpur,Bihpuria,27.03333333,93.83611111,"Bhogpur charali","Dug Well",W12366,2007,'0.66,1.98,1.45,1.26
AS,Lakhimpur,Narayanpur,Bihpuria,26.96222222,93.85722222,Narayanpur,"Dug Well",W12368,2007,'0.56,2.96,2.25,2.54
AS,Lakhimpur,"North Lakhimpur",Bihpuria,27.28333333,94.1125,Kakai,"Dug Well",W12369,2007,'0.38,3.51,1.14,3.15
AS,Lakhimpur,"North Lakhimpur",Bihpuria,27.21666667,94.10833333,N.lakhipur(old),"Dug Well",W12370,2007,'0.78,1.99,NA,1.62
AS,Lakhimpur,"North Lakhimpur",Bihpuria,27.11666667,94.11166667,Panigaon,"Dug Well",W12371,2007,2.08,3.4,NA,3.15
AS,Lakhimpur,Bihpuria,Bihpuria,27.03333333,93.90833333,Bihpuria,"Dug Well",W12358,2007,'0.3,3.78,2.6,3.23
AS,Lakhimpur,Bihpuria,Bihpuria,27.1225,93.85555556,Harmoti,"Dug Well",W12359,2007,'0.7,2.66,2.25,1.23
AS,Lakhimpur,Bihpuria,Bihpuria,27.08194444,93.9,Islampur,"Dug Well",W12360,2007,2.63,4.81,NA,4.2
AS,Lakhimpur,Bihpuria,Bihpuria,27.125,93.90833333,Laluk,"Dug Well",W12361,2007,'0.37,'0.93,3.36,'0.45
AS,Lakhimpur,Kadam,Bihpuria,27.38972222,94.19305556,Boginadi(balijan),"Dug Well",W12362,2007,'0.84,3.15,1.88,2.08
AS,Lakhimpur,Nowboicha,Bihpuria,27.16861111,94.02305556,Naoboisa,"Dug Well",W12373,2007,'0.47,1.23,1.73,NA
AS,Lakhimpur,Nowboicha,Bihpuria,27.16666667,94,"Dolanghat chara","Dug Well",W12372,2006,1.69,2.82,2.58,1.9
AS,Lakhimpur,Kadam,Bihpuria,27.29444444,94.15277778,Kadam,"Dug Well",W12363,2006,'0.6,1.16,'0.77,'0.21
AS,Lakhimpur,Sissiborgaon,Bihpuria,27.25833333,94.35833333,Basudeothan,"Dug Well",W12374,2006,NA,NA,NA,3.93
AS,Lakhimpur,Sissiborgaon,Bihpuria,27.20444444,94.47,Dhakuakhana,"Dug Well",W12375,2006,NA,4.83,NA,NA
AS,Lakhimpur,Sissiborgaon,Bihpuria,27.225,94.34166667,Dowagaon,"Dug Well",W12376,2006,NA,2.41,NA,NA
AS,Lakhimpur,Kadam,Bihpuria,27.44166667,94.28333333,Pathalipam,"Dug Well",W12364,2006,1.71,3.46,1.69,3.06
AS,Lakhimpur,Narayanpur,Bihpuria,26.9,93.78333333,Amsoi,"Dug Well",W12365,2006,2.37,NA,2.06,2.6
AS,Lakhimpur,Narayanpur,Bihpuria,27.03333333,93.83611111,"Bhogpur charali","Dug Well",W12366,2006,NA,1.89,1.75,1.35
AS,Lakhimpur,Narayanpur,Bihpuria,26.96222222,93.85722222,Narayanpur,"Dug Well",W12368,2006,1.46,3.22,2.43,2.91
AS,Lakhimpur,"North Lakhimpur",Bihpuria,27.28333333,94.1125,Kakai,"Dug Well",W12369,2006,NA,3.74,3.01,3.29
AS,Lakhimpur,"North Lakhimpur",Bihpuria,27.21666667,94.10833333,N.lakhipur(old),"Dug Well",W12370,2006,'0.58,2.12,1.41,1.45
AS,Lakhimpur,"North Lakhimpur",Bihpuria,27.11666667,94.11166667,Panigaon,"Dug Well",W12371,2006,NA,3.43,3.22,1.95
AS,Lakhimpur,Bihpuria,Bihpuria,27.03333333,93.90833333,Bihpuria,"Dug Well",W12358,2006,'0.96,4.21,3.2,3.81
AS,Lakhimpur,Bihpuria,Bihpuria,27.1225,93.85555556,Harmoti,"Dug Well",W12359,2006,1.41,2.98,2.05,1.47
AS,Lakhimpur,Bihpuria,Bihpuria,27.08194444,93.9,Islampur,"Dug Well",W12360,2006,3.19,4.75,3.22,4.52
AS,Lakhimpur,Bihpuria,Bihpuria,27.125,93.90833333,Laluk,"Dug Well",W12361,2006,'0.53,1.63,'0.92,'0.52
AS,Lakhimpur,Kadam,Bihpuria,27.38972222,94.19305556,Boginadi(balijan),"Dug Well",W12362,2006,1.22,3.03,2.16,1.61
AS,Lakhimpur,Nowboicha,Bihpuria,27.16861111,94.02305556,Naoboisa,"Dug Well",W12373,2006,-0.05,NA,1.1,'0.57
AS,Lakhimpur,Nowboicha,Bihpuria,27.16666667,94,"Dolanghat chara","Dug Well",W12372,2005,'0.92,2.17,2.18,1.83
AS,Lakhimpur,Kadam,Bihpuria,27.29444444,94.15277778,Kadam,"Dug Well",W12363,2005,'0.09,'0.77,'0.44,1.14
AS,Lakhimpur,Sissiborgaon,Bihpuria,27.25833333,94.35833333,Basudeothan,"Dug Well",W12374,2005,NA,4.27,NA,NA
AS,Lakhimpur,Sissiborgaon,Bihpuria,27.20444444,94.47,Dhakuakhana,"Dug Well",W12375,2005,'0.16,1.71,'0.97,1.06
AS,Lakhimpur,Sissiborgaon,Bihpuria,27.225,94.34166667,Dowagaon,"Dug Well",W12376,2005,NA,2.6,NA,NA
AS,Lakhimpur,Kadam,Bihpuria,27.44166667,94.28333333,Pathalipam,"Dug Well",W12364,2005,1.79,3.16,2.99,3.21
AS,Lakhimpur,Narayanpur,Bihpuria,26.9,93.78333333,Amsoi,"Dug Well",W12365,2005,NA,2.86,NA,NA
AS,Lakhimpur,Narayanpur,Bihpuria,27.03333333,93.83611111,"Bhogpur charali","Dug Well",W12366,2005,'0.44,1.5,1.33,1.58
AS,Lakhimpur,Narayanpur,Bihpuria,26.96222222,93.85722222,Narayanpur,"Dug Well",W12368,2005,'0.26,2.96,1.84,2.78
AS,Lakhimpur,"North Lakhimpur",Bihpuria,27.28333333,94.1125,Kakai,"Dug Well",W12369,2005,1.26,3.78,3,2.31
AS,Lakhimpur,"North Lakhimpur",Bihpuria,27.21666667,94.10833333,N.lakhipur(old),"Dug Well",W12370,2005,'0.3,1.98,1.61,1.95
AS,Lakhimpur,"North Lakhimpur",Bihpuria,27.11666667,94.11166667,Panigaon,"Dug Well",W12371,2005,1.28,3.65,1.62,3.12
AS,Lakhimpur,Bihpuria,Bihpuria,27.03333333,93.90833333,Bihpuria,"Dug Well",W12358,2005,'0.19,3.83,2.11,3.12
AS,Lakhimpur,Bihpuria,Bihpuria,27.1225,93.85555556,Harmoti,"Dug Well",W12359,2005,'0.7,2.86,2.6,2.02
AS,Lakhimpur,Bihpuria,Bihpuria,27.08194444,93.9,Islampur,"Dug Well",W12360,2005,2.31,4.66,3.76,4.66
AS,Lakhimpur,Bihpuria,Bihpuria,27.125,93.90833333,Laluk,"Dug Well",W12361,2005,'0.38,1.26,'0.63,1.03
AS,Lakhimpur,Kadam,Bihpuria,27.38972222,94.19305556,Boginadi(balijan),"Dug Well",W12362,2005,'0.42,3.14,2.32,2.05
AS,Lakhimpur,Nowboicha,Bihpuria,27.16861111,94.02305556,Naoboisa,"Dug Well",W12373,2005,'0.49,1.39,'0.73,'0.88
AS,Lakhimpur,Nowboicha,Bihpuria,27.16666667,94,"Dolanghat chara","Dug Well",W12372,2004,1.26,1.99,1.47,'0.66
AS,Lakhimpur,Kadam,Bihpuria,27.29444444,94.15277778,Kadam,"Dug Well",W12363,2004,'0.04,'0.73,'0.52,'0.27
AS,Lakhimpur,Sissiborgaon,Bihpuria,27.20444444,94.47,Dhakuakhana,"Dug Well",W12375,2004,'0.1,4.77,3.74,'0.21
AS,Lakhimpur,Kadam,Bihpuria,27.44166667,94.28333333,Pathalipam,"Dug Well",W12364,2004,1.7,3.04,2.41,1.68
AS,Lakhimpur,Narayanpur,Bihpuria,26.9,93.78333333,Amsoi,"Dug Well",W12365,2004,NA,4.76,2.67,NA
AS,Lakhimpur,Narayanpur,Bihpuria,27.03333333,93.83611111,"Bhogpur charali","Dug Well",W12366,2004,'0.58,1.38,1.58,'0.66
AS,Lakhimpur,Narayanpur,Bihpuria,26.96222222,93.85722222,Narayanpur,"Dug Well",W12368,2004,'0.6,2.96,1.51,'0.41
AS,Lakhimpur,"North Lakhimpur",Bihpuria,27.28333333,94.1125,Kakai,"Dug Well",W12369,2004,1.2,3.81,2.81,1.64
AS,Lakhimpur,"North Lakhimpur",Bihpuria,27.21666667,94.10833333,N.lakhipur(old),"Dug Well",W12370,2004,'0.02,1.98,1.57,'0.03
AS,Lakhimpur,"North Lakhimpur",Bihpuria,27.11666667,94.11166667,Panigaon,"Dug Well",W12371,2004,'0.68,3.56,2.47,1.03
AS,Lakhimpur,Bihpuria,Bihpuria,27.03333333,93.90833333,Bihpuria,"Dug Well",W12358,2004,'0.41,3.71,1.81,'0.03
AS,Lakhimpur,Bihpuria,Bihpuria,27.1225,93.85555556,Harmoti,"Dug Well",W12359,2004,'0.9,2.83,1.58,'0.25
AS,Lakhimpur,Bihpuria,Bihpuria,27.08194444,93.9,Islampur,"Dug Well",W12360,2004,2.84,4.1,3.5,2.5
AS,Lakhimpur,Bihpuria,Bihpuria,27.125,93.90833333,Laluk,"Dug Well",W12361,2004,'0.39,1.15,'0.98,NA
AS,Lakhimpur,Kadam,Bihpuria,27.38972222,94.19305556,Boginadi(balijan),"Dug Well",W12362,2004,'0.87,2.45,2.35,'0.49
AS,Lakhimpur,Nowboicha,Bihpuria,27.16861111,94.02305556,Naoboisa,"Dug Well",W12373,2004,'0.39,1.54,'0.82,NA
AS,Lakhimpur,Nowboicha,Bihpuria,27.16666667,94,"Dolanghat chara","Dug Well",W12372,2003,'0.96,1.91,1.36,1.89
AS,Lakhimpur,Kadam,Bihpuria,27.44166667,94.28333333,Pathalipam,"Dug Well",W12364,2003,1.31,3.17,2.36,3.31
AS,Lakhimpur,Sissiborgaon,Bihpuria,27.25833333,94.35833333,Basudeothan,"Dug Well",W12374,2003,NA,4.47,NA,NA
AS,Lakhimpur,Sissiborgaon,Bihpuria,27.20444444,94.47,Dhakuakhana,"Dug Well",W12375,2003,1.87,1.5,3.52,4.32
AS,Lakhimpur,Narayanpur,Bihpuria,26.9,93.78333333,Amsoi,"Dug Well",W12365,2003,NA,4.67,NA,NA
AS,Lakhimpur,Narayanpur,Bihpuria,27.03333333,93.83611111,"Bhogpur charali","Dug Well",W12366,2003,'0.71,2,1.16,1.18
AS,Lakhimpur,Narayanpur,Bihpuria,26.96222222,93.85722222,Narayanpur,"Dug Well",W12368,2003,1.34,3.56,2.26,3.88
AS,Lakhimpur,"North Lakhimpur",Bihpuria,27.28333333,94.1125,Kakai,"Dug Well",W12369,2003,1.45,3.84,3.1,4
AS,Lakhimpur,"North Lakhimpur",Bihpuria,27.21666667,94.10833333,N.lakhipur(old),"Dug Well",W12370,2003,'0.46,2.03,1.7,2.18
AS,Lakhimpur,"North Lakhimpur",Bihpuria,27.11666667,94.11166667,Panigaon,"Dug Well",W12371,2003,1.19,3.4,1.8,2.7
AS,Lakhimpur,Bihpuria,Bihpuria,27.03333333,93.90833333,Bihpuria,"Dug Well",W12358,2003,'0.21,4.21,1.85,3.91
AS,Lakhimpur,Bihpuria,Bihpuria,27.1225,93.85555556,Harmoti,"Dug Well",W12359,2003,'0.88,2.62,1.11,2.4
AS,Lakhimpur,Bihpuria,Bihpuria,27.08194444,93.9,Islampur,"Dug Well",W12360,2003,2.43,4.5,3.5,4.8
AS,Lakhimpur,Bihpuria,Bihpuria,27.125,93.90833333,Laluk,"Dug Well",W12361,2003,'0.33,1.36,'0.48,1.18
AS,Lakhimpur,Kadam,Bihpuria,27.38972222,94.19305556,Boginadi(balijan),"Dug Well",W12362,2003,'0.68,2.87,1.52,2.87
AS,Lakhimpur,Kadam,Bihpuria,27.29444444,94.15277778,Kadam,"Dug Well",W12363,2003,'0.04,1.01,'0.27,'0.69
AS,Lakhimpur,Nowboicha,Bihpuria,27.16861111,94.02305556,Naoboisa,"Dug Well",W12373,2003,'0.71,1.49,'0.57,1
AS,Lakhimpur,Nowboicha,Bihpuria,27.16666667,94,"Dolanghat chara","Dug Well",W12372,2002,1.24,1.68,1.52,1.17
AS,Lakhimpur,Nowboicha,Bihpuria,27.16861111,94.02305556,Naoboisa,"Dug Well",W12373,2002,'0.46,1.24,1.07,'0.93
AS,Lakhimpur,Sissiborgaon,Bihpuria,27.20444444,94.47,Dhakuakhana,"Dug Well",W12375,2002,'0.6,NA,'0.98,3.82
AS,Lakhimpur,Narayanpur,Bihpuria,27.03333333,93.83611111,"Bhogpur charali","Dug Well",W12366,2002,'0.79,1.53,1.72,'0.64
AS,Lakhimpur,Narayanpur,Bihpuria,26.96222222,93.85722222,Narayanpur,"Dug Well",W12368,2002,1.06,3.42,2.04,3.72
AS,Lakhimpur,"North Lakhimpur",Bihpuria,27.28333333,94.1125,Kakai,"Dug Well",W12369,2002,2.05,3.66,2.9,3.99
AS,Lakhimpur,"North Lakhimpur",Bihpuria,27.21666667,94.10833333,N.lakhipur(old),"Dug Well",W12370,2002,1.74,2.03,1.68,1.78
AS,Lakhimpur,"North Lakhimpur",Bihpuria,27.11666667,94.11166667,Panigaon,"Dug Well",W12371,2002,1.64,3.05,2.47,1.63
AS,Lakhimpur,Bihpuria,Bihpuria,27.03333333,93.90833333,Bihpuria,"Dug Well",W12358,2002,'0.53,4.03,3.33,3.08
AS,Lakhimpur,Bihpuria,Bihpuria,27.1225,93.85555556,Harmoti,"Dug Well",W12359,2002,1.2,2.5,1.53,1.27
AS,Lakhimpur,Bihpuria,Bihpuria,27.08194444,93.9,Islampur,"Dug Well",W12360,2002,2.75,4.7,3.88,4.54
AS,Lakhimpur,Bihpuria,Bihpuria,27.125,93.90833333,Laluk,"Dug Well",W12361,2002,'0.44,1.23,'0.88,'0.62
AS,Lakhimpur,Kadam,Bihpuria,27.38972222,94.19305556,Boginadi(balijan),"Dug Well",W12362,2002,'0.92,3.03,2.02,2.85
AS,Lakhimpur,Kadam,Bihpuria,27.29444444,94.15277778,Kadam,"Dug Well",W12363,2002,'0.14,1,'0.7,'0.08
AS,Lakhimpur,Kadam,Bihpuria,27.44166667,94.28333333,Pathalipam,"Dug Well",W12364,2002,1.71,2.93,2.58,2.79
AS,Lakhimpur,Kadam,Bihpuria,27.44166667,94.28333333,Pathalipam,"Dug Well",W12364,2001,'0.88,2.75,2.21,2.86
AS,Lakhimpur,"North Lakhimpur",Bihpuria,27.11666667,94.11166667,Panigaon,"Dug Well",W12371,2001,1.06,3.3,1.81,2.37
AS,Lakhimpur,"North Lakhimpur",Bihpuria,27.21666667,94.10833333,N.lakhipur(old),"Dug Well",W12370,2001,'0.65,1.98,2.68,2.13
AS,Lakhimpur,Kadam,Bihpuria,27.38972222,94.19305556,Boginadi(balijan),"Dug Well",W12362,2001,'0.18,2.49,1.76,2.84
AS,Lakhimpur,Sissiborgaon,Bihpuria,27.20444444,94.47,Dhakuakhana,"Dug Well",W12375,2001,'0.5,1.57,'0.86,1.61
AS,Lakhimpur,Bihpuria,Bihpuria,27.125,93.90833333,Laluk,"Dug Well",W12361,2001,'0.08,1.39,'0.74,1.35
AS,Lakhimpur,"North Lakhimpur",Bihpuria,27.28333333,94.1125,Kakai,"Dug Well",W12369,2001,1.89,3.76,3.11,4.1
AS,Lakhimpur,Bihpuria,Bihpuria,27.08194444,93.9,Islampur,"Dug Well",W12360,2001,3.26,4.7,3.84,5
AS,Lakhimpur,Nowboicha,Bihpuria,27.16666667,94,"Dolanghat chara","Dug Well",W12372,2001,1.22,2.98,1.45,1.99
AS,Lakhimpur,Bihpuria,Bihpuria,27.1225,93.85555556,Harmoti,"Dug Well",W12359,2001,1.46,2.59,1.5,2.3
AS,Lakhimpur,Narayanpur,Bihpuria,26.96222222,93.85722222,Narayanpur,"Dug Well",W12368,2001,1.64,3.29,2.05,3.99
AS,Lakhimpur,Bihpuria,Bihpuria,27.03333333,93.90833333,Bihpuria,"Dug Well",W12358,2001,1.83,4.27,2.57,4.02
AS,Lakhimpur,Nowboicha,Bihpuria,27.16861111,94.02305556,Naoboisa,"Dug Well",W12373,2001,'0.36,1.58,'0.85,1.53
AS,Lakhimpur,Narayanpur,Bihpuria,27.03333333,93.83611111,"Bhogpur charali","Dug Well",W12366,2001,'0.69,1.58,1.09,'0.92
AS,Lakhimpur,Kadam,Bihpuria,27.29444444,94.15277778,Kadam,"Dug Well",W12363,2001,'0.79,'0.82,'0.72,'0.6
AS,Lakhimpur,Kadam,Bihpuria,27.44166667,94.28333333,Pathalipam,"Dug Well",W12364,2000,1.53,3.31,2.31,2.05
AS,Lakhimpur,Kadam,Bihpuria,27.29444444,94.15277778,Kadam,"Dug Well",W12363,2000,'0.74,1.83,'0.63,'0.4
AS,Lakhimpur,Kadam,Bihpuria,27.38972222,94.19305556,Boginadi(balijan),"Dug Well",W12362,2000,1.07,2.3,1.77,NA
AS,Lakhimpur,Bihpuria,Bihpuria,27.125,93.90833333,Laluk,"Dug Well",W12361,2000,'0.35,1.18,'0.81,NA
AS,Lakhimpur,Bihpuria,Bihpuria,27.08194444,93.9,Islampur,"Dug Well",W12360,2000,2.51,4.27,3.74,4.25
AS,Lakhimpur,Bihpuria,Bihpuria,27.1225,93.85555556,Harmoti,"Dug Well",W12359,2000,'0.57,2.83,1.65,'0.53
AS,Lakhimpur,Bihpuria,Bihpuria,27.03333333,93.90833333,Bihpuria,"Dug Well",W12358,2000,'0.13,2.68,2.67,3.11
AS,Lakhimpur,Nowboicha,Bihpuria,27.16666667,94,"Dolanghat chara","Dug Well",W12372,2000,1.14,3.71,1.46,1.02
AS,Lakhimpur,"North Lakhimpur",Bihpuria,27.11666667,94.11166667,Panigaon,"Dug Well",W12371,2000,1.39,2.72,2.05,1.29
AS,Lakhimpur,"North Lakhimpur",Bihpuria,27.21666667,94.10833333,N.lakhipur(old),"Dug Well",W12370,2000,'0.93,2.63,1.78,1.57
AS,Lakhimpur,"North Lakhimpur",Bihpuria,27.28333333,94.1125,Kakai,"Dug Well",W12369,2000,'0.7,3.17,2.84,2.65
AS,Lakhimpur,Narayanpur,Bihpuria,26.96222222,93.85722222,Narayanpur,"Dug Well",W12368,2000,'0.92,2.08,1.84,3.26
AS,Lakhimpur,Narayanpur,Bihpuria,27.03333333,93.83611111,"Bhogpur charali","Dug Well",W12366,2000,'0.67,2.2,1.34,'0.36
AS,Lakhimpur,Sissiborgaon,Bihpuria,27.20444444,94.47,Dhakuakhana,"Dug Well",W12375,2000,NA,1.36,'0.95,'0.82
AS,Lakhimpur,Nowboicha,Bihpuria,27.16861111,94.02305556,Naoboisa,"Dug Well",W12373,2000,'0.92,3.46,1.16,NA
AS,Lakhimpur,Sissiborgaon,Bihpuria,27.20444444,94.47,Dhakuakhana,"Dug Well",W12375,1999,NA,1.6,'0.23,NA
AS,Lakhimpur,Nowboicha,Bihpuria,27.16861111,94.02305556,Naoboisa,"Dug Well",W12373,1999,'0.92,2.75,2.35,3.63
AS,Lakhimpur,Nowboicha,Bihpuria,27.16666667,94,"Dolanghat chara","Dug Well",W12372,1999,'0.67,2.4,2.36,4.06
AS,Lakhimpur,"North Lakhimpur",Bihpuria,27.11666667,94.11166667,Panigaon,"Dug Well",W12371,1999,3.87,3.35,1.76,2.68
AS,Lakhimpur,"North Lakhimpur",Bihpuria,27.21666667,94.10833333,N.lakhipur(old),"Dug Well",W12370,1999,'0.93,2.15,1.44,2.53
AS,Lakhimpur,"North Lakhimpur",Bihpuria,27.28333333,94.1125,Kakai,"Dug Well",W12369,1999,NA,3.95,2.29,NA
AS,Lakhimpur,Narayanpur,Bihpuria,26.96222222,93.85722222,Narayanpur,"Dug Well",W12368,1999,'0.76,3.15,1.39,3.35
AS,Lakhimpur,Narayanpur,Bihpuria,27.03333333,93.83611111,"Bhogpur charali","Dug Well",W12366,1999,'0.18,1.75,1.62,'0.23
AS,Lakhimpur,Narayanpur,Bihpuria,26.9,93.78333333,Amsoi,"Dug Well",W12365,1999,NA,NA,NA,3.25
AS,Lakhimpur,Kadam,Bihpuria,27.44166667,94.28333333,Pathalipam,"Dug Well",W12364,1999,2.21,2.85,2.06,2.57
AS,Lakhimpur,Kadam,Bihpuria,27.29444444,94.15277778,Kadam,"Dug Well",W12363,1999,NA,1.1,'0.6,'0.3
AS,Lakhimpur,Kadam,Bihpuria,27.38972222,94.19305556,Boginadi(balijan),"Dug Well",W12362,1999,'0.73,2.75,1.32,2.32
AS,Lakhimpur,Bihpuria,Bihpuria,27.125,93.90833333,Laluk,"Dug Well",W12361,1999,'0.31,1.55,'0.54,1.33
AS,Lakhimpur,Bihpuria,Bihpuria,27.08194444,93.9,Islampur,"Dug Well",W12360,1999,2.28,4.95,3.1,5.34
AS,Lakhimpur,Bihpuria,Bihpuria,27.1225,93.85555556,Harmoti,"Dug Well",W12359,1999,NA,2.73,1.02,'0.14
AS,Lakhimpur,Bihpuria,Bihpuria,27.03333333,93.90833333,Bihpuria,"Dug Well",W12358,1999,'0.56,4.47,1.59,3.22
AS,Lakhimpur,Sissiborgaon,Bihpuria,27.25833333,94.35833333,Basudeothan,"Dug Well",W12374,1999,NA,NA,NA,4.77
AS,Lakhimpur,Sissiborgaon,Bihpuria,27.225,94.34166667,Dowagaon,"Dug Well",W12376,1999,2.01,NA,NA,NA
AS,Lakhimpur,Subansiri,Bihpuria,27.31666667,94.475,Dhenukhana,"Dug Well",W12355,1999,NA,NA,NA,5.16
AS,Lakhimpur,"North Lakhimpur",Bihpuria,27.28333333,94.1125,Kakai,"Dug Well",W12369,1998,NA,3.8,NA,NA
AS,Lakhimpur,Sissiborgaon,Bihpuria,27.20444444,94.47,Dhakuakhana,"Dug Well",W12375,1998,NA,1.92,NA,1.66
AS,Lakhimpur,"North Lakhimpur",Bihpuria,27.11666667,94.11166667,Panigaon,"Dug Well",W12371,1998,4.07,3.21,1.56,2.7
AS,Lakhimpur,Kadam,Bihpuria,27.38972222,94.19305556,Boginadi(balijan),"Dug Well",W12362,1998,'0.87,2.59,1.48,2.07
AS,Lakhimpur,Narayanpur,Bihpuria,26.96222222,93.85722222,Narayanpur,"Dug Well",W12368,1998,'0.66,3.58,1.41,3.46
AS,Lakhimpur,Bihpuria,Bihpuria,27.125,93.90833333,Laluk,"Dug Well",W12361,1998,'0.36,1.47,'0.51,'0.77
AS,Lakhimpur,Nowboicha,Bihpuria,27.16666667,94,"Dolanghat chara","Dug Well",W12372,1998,'0.54,2.04,1.62,1.26
AS,Lakhimpur,Bihpuria,Bihpuria,27.08194444,93.9,Islampur,"Dug Well",W12360,1998,2.32,3.42,3.62,4.82
AS,Lakhimpur,Narayanpur,Bihpuria,27.03333333,93.83611111,"Bhogpur charali","Dug Well",W12366,1998,'0.75,1.52,1.52,1.28
AS,Lakhimpur,Bihpuria,Bihpuria,27.1225,93.85555556,Harmoti,"Dug Well",W12359,1998,1,2.7,1.24,2.15
AS,Lakhimpur,"North Lakhimpur",Bihpuria,27.21666667,94.10833333,N.lakhipur(old),"Dug Well",W12370,1998,'0.84,2.92,2.17,1.68
AS,Lakhimpur,Bihpuria,Bihpuria,27.03333333,93.90833333,Bihpuria,"Dug Well",W12358,1998,NA,6.33,2.96,4.38
AS,Lakhimpur,Narayanpur,Bihpuria,26.9,93.78333333,Amsoi,"Dug Well",W12365,1998,NA,3.66,NA,3.25
AS,Lakhimpur,Nowboicha,Bihpuria,27.16861111,94.02305556,Naoboisa,"Dug Well",W12373,1998,'0.81,3.19,1.85,2
AS,Lakhimpur,Kadam,Bihpuria,27.44166667,94.28333333,Pathalipam,"Dug Well",W12364,1998,2.39,2.68,2.04,2.51
AS,Lakhimpur,Kadam,Bihpuria,27.29444444,94.15277778,Kadam,"Dug Well",W12363,1998,'0.25,'0.8,'0.5,'0.38
AS,Lakhimpur,Sissiborgaon,Bihpuria,27.20444444,94.47,Dhakuakhana,"Dug Well",W12375,1997,'0.18,2.02,1.14,2.7
AS,Lakhimpur,Subansiri,Bihpuria,27.31666667,94.475,Dhenukhana,"Dug Well",W12355,1997,'0.81,NA,NA,NA
AS,Lakhimpur,Bihpuria,Bihpuria,27.03333333,93.90833333,Bihpuria,"Dug Well",W12358,1997,'0.6,3.77,3.23,4.38
AS,Lakhimpur,Bihpuria,Bihpuria,27.1225,93.85555556,Harmoti,"Dug Well",W12359,1997,1.07,2.67,2.32,2.6
AS,Lakhimpur,Bihpuria,Bihpuria,27.08194444,93.9,Islampur,"Dug Well",W12360,1997,2.7,4.76,3.89,2.3
AS,Lakhimpur,Bihpuria,Bihpuria,27.125,93.90833333,Laluk,"Dug Well",W12361,1997,'0.67,1.25,'0.88,1.13
AS,Lakhimpur,Kadam,Bihpuria,27.38972222,94.19305556,Boginadi(balijan),"Dug Well",W12362,1997,'0.96,2.65,1.9,2.09
AS,Lakhimpur,Kadam,Bihpuria,27.29444444,94.15277778,Kadam,"Dug Well",W12363,1997,'0.5,1.05,'0.92,'0.83
AS,Lakhimpur,Kadam,Bihpuria,27.44166667,94.28333333,Pathalipam,"Dug Well",W12364,1997,2.05,2.46,2.17,2.41
AS,Lakhimpur,Narayanpur,Bihpuria,27.03333333,93.83611111,"Bhogpur charali","Dug Well",W12366,1997,'0.6,1.98,1.39,1.93
AS,Lakhimpur,Narayanpur,Bihpuria,26.96222222,93.85722222,Narayanpur,"Dug Well",W12368,1997,'0.91,3.32,1.93,3.86
AS,Lakhimpur,"North Lakhimpur",Bihpuria,27.28333333,94.1125,Kakai,"Dug Well",W12369,1997,2.13,2.3,3.14,NA
AS,Lakhimpur,"North Lakhimpur",Bihpuria,27.21666667,94.10833333,N.lakhipur(old),"Dug Well",W12370,1997,1.19,1.96,1.67,2.49
AS,Lakhimpur,"North Lakhimpur",Bihpuria,27.11666667,94.11166667,Panigaon,"Dug Well",W12371,1997,1.8,1.2,3.94,3.5
AS,Lakhimpur,Nowboicha,Bihpuria,27.16666667,94,"Dolanghat chara","Dug Well",W12372,1997,'0.98,1.8,2.08,NA
AS,Lakhimpur,Nowboicha,Bihpuria,27.16861111,94.02305556,Naoboisa,"Dug Well",W12373,1997,1.25,2.24,2.17,1.84
AS,Lakhimpur,Subansiri,Bihpuria,27.31666667,94.475,Dhenukhana,"Dug Well",W12355,1996,1.26,NA,NA,1.32
AS,Lakhimpur,Sissiborgaon,Bihpuria,27.20444444,94.47,Dhakuakhana,"Dug Well",W12375,1996,'0.58,1.71,1.05,'0.9
AS,Lakhimpur,Bihpuria,Bihpuria,27.1225,93.85555556,Harmoti,"Dug Well",W12359,1996,1.36,2.65,1.68,'0.68
AS,Lakhimpur,Bihpuria,Bihpuria,27.08194444,93.9,Islampur,"Dug Well",W12360,1996,2.51,4.67,3.25,2.5
AS,Lakhimpur,Bihpuria,Bihpuria,27.125,93.90833333,Laluk,"Dug Well",W12361,1996,'0.4,1.09,'0.64,'0.2
AS,Lakhimpur,Kadam,Bihpuria,27.38972222,94.19305556,Boginadi(balijan),"Dug Well",W12362,1996,1.16,2.23,1.17,1.33
AS,Lakhimpur,Kadam,Bihpuria,27.29444444,94.15277778,Kadam,"Dug Well",W12363,1996,'0.35,'0.73,'0.31,'0.25
AS,Lakhimpur,Kadam,Bihpuria,27.44166667,94.28333333,Pathalipam,"Dug Well",W12364,1996,'0.53,2.36,1.76,'0.58
AS,Lakhimpur,Narayanpur,Bihpuria,27.03333333,93.83611111,"Bhogpur charali","Dug Well",W12366,1996,1.23,1.65,1.48,'0.72
AS,Lakhimpur,Narayanpur,Bihpuria,26.96222222,93.85722222,Narayanpur,"Dug Well",W12368,1996,1.05,3.21,1.52,'0.72
AS,Lakhimpur,"North Lakhimpur",Bihpuria,27.28333333,94.1125,Kakai,"Dug Well",W12369,1996,1.09,3.8,1.3,1.32
AS,Lakhimpur,"North Lakhimpur",Bihpuria,27.21666667,94.10833333,N.lakhipur(old),"Dug Well",W12370,1996,'0.83,1.99,1.4,'0.86
AS,Lakhimpur,"North Lakhimpur",Bihpuria,27.11666667,94.11166667,Panigaon,"Dug Well",W12371,1996,'0.75,3.55,'0.9,'0.7
AS,Lakhimpur,Nowboicha,Bihpuria,27.16666667,94,"Dolanghat chara","Dug Well",W12372,1996,1.16,2.29,1.36,1.2
AS,Lakhimpur,Nowboicha,Bihpuria,27.16861111,94.02305556,Naoboisa,"Dug Well",W12373,1996,1.49,2.74,1.72,1.93
AS,Lakhimpur,Sissiborgaon,Bihpuria,27.25833333,94.35833333,Basudeothan,"Dug Well",W12374,1996,NA,NA,NA,1.6
AS,Lakhimpur,Bihpuria,Bihpuria,27.03333333,93.90833333,Bihpuria,"Dug Well",W12358,1996,'0.62,3.89,1.38,'0.23
